========ELM Tensor Prediction=========
Dx = 1.59945 *(10^7) 1/s
Dy = 2.10292 *(10^7) 1/s
Dz = 2.65333 *(10^7) 1/s
alpha = 2.74 deg
beta = 89.05 deg
gamma = 2.27 deg
TAUc = 7.86695 ns
anisotropy = 1.43331
rhombicity = 0.94148

====Diffusion Tensor====
    [ 2.65181  0.02602  0.01640]
D = [ 0.02602  2.10337  0.02069] *(10^7) 1/s
    [ 0.01640  0.02069  1.60053]

====Diffusion Tensor Sorted Eigendecomposition====
    [  0.0146   -0.0485    0.9987][  1.5995    0.0000    0.0000][  0.0146    0.0403   -0.9991]
D = [  0.0403    0.9980    0.0479][  0.0000    2.1029    0.0000][ -0.0485    0.9980    0.0395] *(10^7) 1/s
    [ -0.9991    0.0395    0.0165][  0.0000    0.0000    2.6533][  0.9987    0.0479    0.0165]
