====Docking Results====
Docking transformations of second domain ([x_t;y_t;z_t] = R*[x;y;z]+t):
Solution 1:
Chi^2 = 2392.0630296681984
R = [-0.6257	0.3753	-0.6838
-0.7342	0.0127	0.6788
0.2634	0.9268	0.2675	]
t = [21.433 1.423 -9.050]

Solution 2:
Chi^2 = 2428.3798786768007
R = [-0.6257	0.3753	-0.6838
-0.7342	0.0127	0.6788
0.2634	0.9268	0.2675	]
t = [-28.942 14.895 3.049]

Solution 3:
Chi^2 = 2783.272218026523
R = [0.3366	-0.4478	0.8284
-0.8965	-0.4215	0.1364
0.2881	-0.7886	-0.5433	]
t = [-40.165 15.879 -6.626]

Solution 4:
Chi^2 = 3078.6456249765165
R = [-0.6257	0.3753	-0.6838
-0.7342	0.0127	0.6788
0.2634	0.9268	0.2675	]
t = [22.230 5.550 1.496]

Solution 5:
Chi^2 = 3489.4790335864423
R = [-0.6257	0.3753	-0.6838
-0.7342	0.0127	0.6788
0.2634	0.9268	0.2675	]
t = [-20.354 3.378 -18.355]

Solution 6:
Chi^2 = 3651.7224863905317
R = [-0.6257	0.3753	-0.6838
-0.7342	0.0127	0.6788
0.2634	0.9268	0.2675	]
t = [-18.758 27.464 4.872]

Total number of solutions = 6
