====Docking Results====
Docking transformations of second domain ([x_t;y_t;z_t] = R*[x;y;z]+t):
Solution 1:
Chi^2 = 2402.818577825938
R = [-0.0977	0.9769	-0.1901
-0.9799	-0.0611	0.1898
0.1738	0.2049	0.9632	]
t = [13.964 52.066 7.813]

Solution 2:
Chi^2 = 2422.060111011169
R = [-0.0977	0.9769	-0.1901
-0.9799	-0.0611	0.1898
0.1738	0.2049	0.9632	]
t = [33.806 14.049 -5.638]

Solution 3:
Chi^2 = 2602.6092101790923
R = [-0.3258	0.5272	0.7848
0.8478	0.5303	-0.0043
-0.4184	0.6639	-0.6198	]
t = [22.183 25.337 16.969]

Solution 4:
Chi^2 = 2671.2665817736415
R = [0.7219	-0.5722	-0.3892
-0.0686	-0.6188	0.7826
-0.6886	-0.5382	-0.4859	]
t = [20.249 9.849 0.728]

Solution 5:
Chi^2 = 2728.751691147832
R = [-0.2985	-0.9320	-0.2056
0.2007	0.1493	-0.9682
0.9331	-0.3302	0.1425	]
t = [15.368 35.263 -0.398]

