====Docking Results====
Docking transformations of second domain ([x_t;y_t;z_t] = R*[x;y;z]+t):
Solution 1:
Chi^2 = 2117.022961126872
R = [0.5046	0.5685	-0.6497
0.4229	-0.8189	-0.3881
-0.7527	-0.0789	-0.6536	]
t = [37.672 -170.468 46.344]

Solution 2:
Chi^2 = 2633.2709332791346
R = [-0.5199	-0.6455	0.5595
-0.6194	-0.1662	-0.7673
0.5883	-0.7454	-0.3134	]
t = [37.403 -29.884 -133.691]

Solution 3:
Chi^2 = 4340.9185511264395
R = [0.9923	-0.1230	0.0128
0.1195	0.9804	0.1567
-0.0318	-0.1539	0.9876	]
t = [-66.123 -3.201 -3.425]

Solution 4:
Chi^2 = 5421.416267080756
R = [-0.9761	0.2023	0.0796
0.0825	0.0059	0.9966
0.2011	0.9793	-0.0225	]
t = [137.138 -76.759 48.317]

