====Docking Results====
Docking transformations of second domain ([x_t;y_t;z_t] = R*[x;y;z]+t):
Solution 1:
Chi^2 = 2604.8285964893144
R = [-0.0076	-0.3177	-0.9482
-0.9643	0.2534	-0.0772
0.2648	0.9137	-0.3082	]
t = [23.446 13.460 72.532]

Solution 2:
Chi^2 = 2635.7903736564335
R = [-0.0076	-0.3177	-0.9482
-0.9643	0.2534	-0.0772
0.2648	0.9137	-0.3082	]
t = [26.509 40.643 23.783]

Solution 3:
Chi^2 = 2685.5995944797837
R = [0.1044	0.3932	0.9135
0.1140	-0.9172	0.3818
0.9880	0.0643	-0.1405	]
t = [70.581 -148.499 -107.196]

Solution 4:
Chi^2 = 2746.19618785437
R = [0.2285	-0.7073	-0.6689
0.9229	-0.0614	0.3801
-0.3099	-0.7042	0.6388	]
t = [-22.633 -183.513 -5.811]

