====Docking Results====
Docking transformations of second domain ([x_t;y_t;z_t] = R*[x;y;z]+t):
Solution 1:
Chi^2 = 2448.605664816154
R = [-0.6257	0.3753	-0.6838
-0.7342	0.0127	0.6788
0.2634	0.9268	0.2675	]
t = [-23.907 11.741 2.491]

Solution 2:
Chi^2 = 2584.3098097654356
R = [-0.6257	0.3753	-0.6838
-0.7342	0.0127	0.6788
0.2634	0.9268	0.2675	]
t = [15.142 3.401 -8.759]

Solution 3:
Chi^2 = 2589.975993729859
R = [0.3366	-0.4478	0.8284
-0.8965	-0.4215	0.1364
0.2881	-0.7886	-0.5433	]
t = [-29.327 8.885 -18.505]

Solution 4:
Chi^2 = 2965.9711924640246
R = [-0.6257	0.3753	-0.6838
-0.7342	0.0127	0.6788
0.2634	0.9268	0.2675	]
t = [-16.851 10.329 -15.810]

Solution 5:
Chi^2 = 3036.3062359491773
R = [-0.6257	0.3753	-0.6838
-0.7342	0.0127	0.6788
0.2634	0.9268	0.2675	]
t = [9.494 8.397 12.039]

