====Docking Results====
Docking transformations of second domain ([x_t;y_t;z_t] = R*[x;y;z]+t):
Solution 1:
Chi^2 = 2547.0185003736124
R = [0.1044	0.3932	0.9135
0.1140	-0.9172	0.3818
0.9880	0.0643	-0.1405	]
t = [58.461 -155.897 -88.626]

Solution 2:
Chi^2 = 2686.0493064204716
R = [0.2285	-0.7073	-0.6689
0.9229	-0.0614	0.3801
-0.3099	-0.7042	0.6388	]
t = [-32.462 -157.168 -46.587]

Solution 3:
Chi^2 = 3161.444576908261
R = [-0.0076	-0.3177	-0.9482
-0.9643	0.2534	-0.0772
0.2648	0.9137	-0.3082	]
t = [4.341 30.980 48.664]

