====Docking Results====
Docking transformations of second domain ([x_t;y_t;z_t] = R*[x;y;z]+t):
Solution 1:
Chi^2 = 3157.025115575736
R = [-0.5038	0.4076	-0.7616
-0.6940	0.3339	0.6378
0.5143	0.8499	0.1147	]
t = [15.187 2.122 -11.764]

Solution 2:
Chi^2 = 3333.582168395625
R = [-0.5038	0.4076	-0.7616
-0.6940	0.3339	0.6378
0.5143	0.8499	0.1147	]
t = [-25.993 14.475 0.698]

Solution 3:
Chi^2 = 3541.9715780221554
R = [-0.5038	0.4076	-0.7616
-0.6940	0.3339	0.6378
0.5143	0.8499	0.1147	]
t = [-15.554 22.175 8.368]

Solution 4:
Chi^2 = 3844.497513292465
R = [-0.2637	-0.6157	-0.7425
0.9572	-0.2624	-0.1224
-0.1195	-0.7430	0.6585	]
t = [-7.311 -0.209 14.541]

Solution 5:
Chi^2 = 3972.367787919613
R = [0.2763	0.6183	0.7358
0.4947	0.5649	-0.6605
-0.8240	0.5465	-0.1498	]
t = [2.278 -10.112 -5.359]

Solution 6:
Chi^2 = 4140.362543915191
R = [0.4913	-0.4102	0.7683
-0.7578	-0.6362	0.1449
0.4293	-0.6534	-0.6234	]
t = [-34.680 14.433 4.415]

Solution 7:
Chi^2 = 4165.981160631791
R = [0.2763	0.6183	0.7358
0.4947	0.5649	-0.6605
-0.8240	0.5465	-0.1498	]
t = [-29.905 1.989 21.157]

Solution 8:
Chi^2 = 4457.771280930595
R = [-0.5038	0.4076	-0.7616
-0.6940	0.3339	0.6378
0.5143	0.8499	0.1147	]
t = [-21.475 9.771 -16.333]

Solution 9:
Chi^2 = 4706.101731462958
R = [-0.5038	0.4076	-0.7616
-0.6940	0.3339	0.6378
0.5143	0.8499	0.1147	]
t = [9.455 17.098 6.522]

Solution 10:
Chi^2 = 4810.395248737691
R = [0.2763	0.6183	0.7358
0.4947	0.5649	-0.6605
-0.8240	0.5465	-0.1498	]
t = [-20.948 -10.276 -7.872]

Solution 11:
Chi^2 = 4851.649974862066
R = [0.2763	0.6183	0.7358
0.4947	0.5649	-0.6605
-0.8240	0.5465	-0.1498	]
t = [-8.247 6.194 25.465]

