====Docking Results====
Docking transformations of second domain ([x_t;y_t;z_t] = R*[x;y;z]+t):
Solution 1:
Chi^2 = 6848.023206983293
R = [-0.6257	0.3753	-0.6838
-0.7342	0.0127	0.6788
0.2634	0.9268	0.2675	]
t = [-42.394 26.089 1.001]

Solution 2:
Chi^2 = 6848.12873144566
R = [-0.6257	0.3753	-0.6838
-0.7342	0.0127	0.6788
0.2634	0.9268	0.2675	]
t = [35.967 -9.687 -6.000]

Solution 3:
Chi^2 = 7327.210803867776
R = [0.3366	-0.4478	0.8284
-0.8965	-0.4215	0.1364
0.2881	-0.7886	-0.5433	]
t = [-57.147 25.193 0.291]

Solution 4:
Chi^2 = 8756.837751479517
R = [-0.6257	0.3753	-0.6838
-0.7342	0.0127	0.6788
0.2634	0.9268	0.2675	]
t = [-40.824 12.582 -17.961]

Solution 5:
Chi^2 = 9045.944789781366
R = [-0.6257	0.3753	-0.6838
-0.7342	0.0127	0.6788
0.2634	0.9268	0.2675	]
t = [33.839 9.695 15.140]

Total number of solutions = 5
