====Docking Results====
Docking transformations of second domain ([x_t;y_t;z_t] = R*[x;y;z]+t):
Solution 1:
Chi^2 = 2396.8409920629556
R = [-0.6257	0.3753	-0.6838
-0.7342	0.0127	0.6788
0.2634	0.9268	0.2675	]
t = [-27.066 12.915 2.120]

Solution 2:
Chi^2 = 2481.138503584365
R = [-0.6257	0.3753	-0.6838
-0.7342	0.0127	0.6788
0.2634	0.9268	0.2675	]
t = [18.030 2.316 -9.485]

Solution 3:
Chi^2 = 2825.610413996622
R = [0.3366	-0.4478	0.8284
-0.8965	-0.4215	0.1364
0.2881	-0.7886	-0.5433	]
t = [-36.691 13.915 -10.923]

Solution 4:
Chi^2 = 3122.075798020475
R = [-0.6257	0.3753	-0.6838
-0.7342	0.0127	0.6788
0.2634	0.9268	0.2675	]
t = [-18.635 10.366 -16.748]

Solution 5:
Chi^2 = 3197.9460434654234
R = [-0.6257	0.3753	-0.6838
-0.7342	0.0127	0.6788
0.2634	0.9268	0.2675	]
t = [11.847 7.651 12.769]

