====Docking Results====
Docking transformations of second domain ([x_t;y_t;z_t] = R*[x;y;z]+t):
Solution 1:
Chi^2 = 2118.3788672305254
R = [-0.0049	0.5234	0.8520
-0.2168	0.8312	-0.5119
-0.9762	-0.1873	0.1094	]
t = [94.713 -8.167 91.710]

Solution 2:
Chi^2 = 2237.126517892445
R = [-0.0282	-0.5522	-0.8333
0.9827	-0.1678	0.0779
-0.1828	-0.8167	0.5474	]
t = [9.174 -197.949 -31.232]

Solution 3:
Chi^2 = 2842.9989636030646
R = [0.0713	-0.5756	-0.8146
-0.9805	0.1094	-0.1631
0.1830	0.8104	-0.5566	]
t = [-0.448 28.359 27.540]

Solution 4:
Chi^2 = 2872.948148399077
R = [0.0713	-0.5756	-0.8146
-0.9805	0.1094	-0.1631
0.1830	0.8104	-0.5566	]
t = [-4.207 5.051 66.952]

Solution 5:
Chi^2 = 2960.562569088952
R = [-0.0381	0.6043	0.7959
0.2146	-0.7729	0.5971
0.9760	0.1935	-0.1002	]
t = [105.595 -150.369 -94.170]

