========ELM Tensor Prediction=========
Dx = 4.70498 *(10^7) 1/s
Dy = 5.85077 *(10^7) 1/s
Dz = 6.68379 *(10^7) 1/s
alpha = 97.11 deg
beta = 70.15 deg
gamma = 104.20 deg
TAUc = 2.90031 ns
anisotropy = 0.75072
rhombicity = 0.79980

====Diffusion Tensor====
    [ 4.82433 -0.31158  0.21861]
D = [-0.31158  6.52936  0.31759] *(10^7) 1/s
    [ 0.21861  0.31759  5.88585]

====Diffusion Tensor Sorted Eigendecomposition====
    [ -0.9517    0.2841   -0.1165][  4.7050    0.0000    0.0000][ -0.9517   -0.2027    0.2307]
D = [ -0.2027   -0.2963    0.9333][  0.0000    5.8508    0.0000][  0.2841   -0.2963    0.9118] *(10^7) 1/s
    [  0.2307    0.9118    0.3396][  0.0000    0.0000    6.6838][ -0.1165    0.9333    0.3396]
