====Docking Results====
Docking transformations of second domain ([x_t;y_t;z_t] = R*[x;y;z]+t):
Solution 1:
Chi^2 = 2582.508594193774
R = [-0.6257	0.3753	-0.6838
-0.7342	0.0127	0.6788
0.2634	0.9268	0.2675	]
t = [23.919 0.434 -9.399]

Solution 2:
Chi^2 = 2648.038664268489
R = [-0.6257	0.3753	-0.6838
-0.7342	0.0127	0.6788
0.2634	0.9268	0.2675	]
t = [-31.259 15.483 2.028]

Solution 3:
Chi^2 = 2846.8251704759195
R = [0.3366	-0.4478	0.8284
-0.8965	-0.4215	0.1364
0.2881	-0.7886	-0.5433	]
t = [-43.252 16.845 -3.560]

Total number of solutions = 3
