====Docking Results====
Docking transformations of second domain ([x_t;y_t;z_t] = R*[x;y;z]+t):
Solution 1:
Chi^2 = 1160.9918336695914
R = [0.5190	0.4794	-0.7076
0.6130	-0.7857	-0.0827
-0.5956	-0.3909	-0.7017	]
t = [32.044 -182.061 9.685]

Solution 2:
Chi^2 = 1348.13061366763
R = [0.9851	0.1721	0.0059
-0.1700	0.9776	-0.1239
-0.0271	0.1211	0.9923	]
t = [-35.956 29.240 7.229]

Solution 3:
Chi^2 = 1382.9251290341615
R = [-0.9872	0.0110	0.1593
0.1590	-0.0240	0.9870
0.0147	0.9997	0.0220	]
t = [130.248 -79.212 65.364]

Solution 4:
Chi^2 = 1546.1144869333166
R = [-0.5168	-0.6622	0.5426
-0.6029	-0.1685	-0.7798
0.6079	-0.7301	-0.3121	]
t = [57.107 -57.366 -109.867]

