====Docking Results====
Docking transformations of second domain ([x_t;y_t;z_t] = R*[x;y;z]+t):
Solution 1:
Chi^2 = 2401.953589494466
R = [-0.6257	0.3753	-0.6838
-0.7342	0.0127	0.6788
0.2634	0.9268	0.2675	]
t = [-25.724 12.306 2.152]

Solution 2:
Chi^2 = 2527.126482263204
R = [-0.6257	0.3753	-0.6838
-0.7342	0.0127	0.6788
0.2634	0.9268	0.2675	]
t = [16.659 3.307 -9.037]

Solution 3:
Chi^2 = 2809.4216892480645
R = [0.3366	-0.4478	0.8284
-0.8965	-0.4215	0.1364
0.2881	-0.7886	-0.5433	]
t = [-34.864 10.049 -15.905]

Solution 4:
Chi^2 = 3097.3871304540394
R = [-0.6257	0.3753	-0.6838
-0.7342	0.0127	0.6788
0.2634	0.9268	0.2675	]
t = [11.027 8.191 12.206]

Total number of solutions = 4
