========ELM Tensor Prediction=========
Dx = 3.67613 *(10^7) 1/s
Dy = 4.57137 *(10^7) 1/s
Dz = 5.22223 *(10^7) 1/s
alpha = 97.11 deg
beta = 70.15 deg
gamma = 104.20 deg
TAUc = 3.71203 ns
anisotropy = 0.75072
rhombicity = 0.79980

====Diffusion Tensor====
    [ 3.76939 -0.24344  0.17080]
D = [-0.24344  5.10157  0.24815] *(10^7) 1/s
    [ 0.17080  0.24815  4.59878]

====Diffusion Tensor Sorted Eigendecomposition====
    [ -0.9517    0.2841   -0.1165][  3.6761    0.0000    0.0000][ -0.9517   -0.2027    0.2307]
D = [ -0.2027   -0.2963    0.9333][  0.0000    4.5714    0.0000][  0.2841   -0.2963    0.9118] *(10^7) 1/s
    [  0.2307    0.9118    0.3396][  0.0000    0.0000    5.2222][ -0.1165    0.9333    0.3396]
