====Docking Results====
Docking transformations of second domain ([x_t;y_t;z_t] = R*[x;y;z]+t):
Solution 1:
Chi^2 = 1980.9590101040535
R = [-0.6257	0.3753	-0.6838
-0.7342	0.0127	0.6788
0.2634	0.9268	0.2675	]
t = [-8.999 18.845 3.049]

Solution 2:
Chi^2 = 2105.8013182752807
R = [-0.6257	0.3753	-0.6838
-0.7342	0.0127	0.6788
0.2634	0.9268	0.2675	]
t = [3.403 -0.981 -7.508]

Solution 3:
Chi^2 = 2313.4596614884344
R = [0.3366	-0.4478	0.8284
-0.8965	-0.4215	0.1364
0.2881	-0.7886	-0.5433	]
t = [-23.922 7.783 -14.869]

Solution 4:
Chi^2 = 2602.899974540094
R = [-0.6257	0.3753	-0.6838
-0.7342	0.0127	0.6788
0.2634	0.9268	0.2675	]
t = [3.465 7.784 8.220]

Solution 5:
Chi^2 = 2631.421977756492
R = [-0.6257	0.3753	-0.6838
-0.7342	0.0127	0.6788
0.2634	0.9268	0.2675	]
t = [-15.254 11.707 3.123]

Solution 6:
Chi^2 = 2731.590815949094
R = [-0.6257	0.3753	-0.6838
-0.7342	0.0127	0.6788
0.2634	0.9268	0.2675	]
t = [-11.353 15.538 -9.598]

Solution 7:
Chi^2 = 2964.021957933458
R = [-0.6257	0.3753	-0.6838
-0.7342	0.0127	0.6788
0.2634	0.9268	0.2675	]
t = [-16.374 7.989 -1.370]

Solution 8:
Chi^2 = 3038.903218097309
R = [-0.6257	0.3753	-0.6838
-0.7342	0.0127	0.6788
0.2634	0.9268	0.2675	]
t = [0.057 -3.315 -2.288]

